5.472506880000000000e+08
5.566809600000000000e+08
5.663390080000000000e+08
5.693874560000000000e+08
5.717806720000000000e+08
5.875356160000000000e+08
6.038176640000000000e+08
6.282620800000000000e+08
6.694586880000000000e+08
7.399002880000000000e+08
7.806837760000000000e+08
8.160826240000000000e+08
8.540312960000000000e+08
8.913390080000000000e+08
9.327777280000000000e+08
9.747292800000000000e+08
1.026794816000000000e+09
1.086509952000000000e+09
1.157521280000000000e+09
1.224359040000000000e+09
1.290242176000000000e+09
1.366923136000000000e+09
1.455270656000000000e+09
1.544871680000000000e+09
1.610256384000000000e+09
1.668945920000000000e+09
1.719658112000000000e+09
1.761253504000000000e+09
1.802706560000000000e+09
1.841168000000000000e+09
1.870940288000000000e+09
1.898433024000000000e+09
1.927920256000000000e+09
1.961111168000000000e+09
1.991452928000000000e+09
2.015242240000000000e+09
2.034900224000000000e+09
2.053133824000000000e+09
2.068660864000000000e+09
2.080199424000000000e+09
2.090598272000000000e+09
2.102706560000000000e+09
2.112962944000000000e+09
2.108689536000000000e+09
2.135754880000000000e+09
2.199145472000000000e+09
2.163105280000000000e+09
2.189316096000000000e+09
2.219230720000000000e+09
2.271794944000000000e+09
2.367521280000000000e+09
2.559686656000000000e+09
2.645014272000000000e+09
2.730199552000000000e+09
2.781481472000000000e+09
2.836182528000000000e+09
2.882193664000000000e+09
2.934900224000000000e+09
2.972079872000000000e+09
3.009116672000000000e+09
3.027492864000000000e+09
3.048290560000000000e+09
3.057265152000000000e+09
3.060826112000000000e+09
3.062535680000000000e+09
3.069088512000000000e+09
3.092734976000000000e+09
3.112393216000000000e+09
3.123646720000000000e+09
3.128632576000000000e+09
3.120227840000000000e+09
3.108689408000000000e+09
3.093162240000000000e+09
3.094587136000000000e+09
3.093447168000000000e+09
3.092592640000000000e+09
3.093304832000000000e+09
3.091168000000000000e+09
3.087464192000000000e+09
3.083475968000000000e+09
3.082621184000000000e+09
3.079629568000000000e+09
3.083618048000000000e+09
3.088176384000000000e+09
3.096296192000000000e+09
3.101139456000000000e+09
3.105270528000000000e+09
3.107549696000000000e+09
3.114957312000000000e+09
3.118945792000000000e+09
3.125213696000000000e+09
3.129202176000000000e+09
3.136039680000000000e+09
3.140313344000000000e+09
3.144871680000000000e+09
3.148717824000000000e+09
3.159259136000000000e+09
3.176495872000000000e+09
3.190028288000000000e+09
3.205555456000000000e+09
3.224643840000000000e+09
3.244301824000000000e+09
3.260256256000000000e+09
3.276780544000000000e+09
3.301709312000000000e+09
3.364529920000000000e+09
3.415812096000000000e+09
3.453846272000000000e+09
3.478347520000000000e+09
3.496438784000000000e+09
3.510826240000000000e+09
3.521794816000000000e+09
3.531339008000000000e+09
3.539885824000000000e+09
3.551852032000000000e+09
3.563532800000000000e+09
3.571652608000000000e+09
3.579487232000000000e+09
3.590883072000000000e+09
3.600427264000000000e+09
3.611538688000000000e+09
3.622079744000000000e+09
3.625071104000000000e+09
3.633475840000000000e+09
3.643304704000000000e+09
3.650997248000000000e+09
3.665242112000000000e+09
3.674216704000000000e+09
3.679914752000000000e+09
3.687464448000000000e+09
3.693304576000000000e+09
3.695584000000000000e+09
3.699145216000000000e+09
3.693019904000000000e+09
3.678917376000000000e+09
3.655697920000000000e+09
3.633760512000000000e+09
3.623646720000000000e+09
3.620085504000000000e+09
3.619515904000000000e+09
3.617521408000000000e+09
3.623931648000000000e+09
3.628632576000000000e+09
3.630626560000000000e+09
3.636752128000000000e+09
3.643304704000000000e+09
3.649714944000000000e+09
3.653276416000000000e+09
3.658831872000000000e+09
3.665811968000000000e+09
3.670655232000000000e+09
3.676353280000000000e+09
3.681623808000000000e+09
3.690883328000000000e+09
3.707265024000000000e+09
3.719515392000000000e+09
3.737037056000000000e+09
3.764814848000000000e+09
3.789316352000000000e+09
3.802421504000000000e+09
3.818660864000000000e+09
3.834045696000000000e+09
3.847150848000000000e+09
3.861680896000000000e+09
3.877920000000000000e+09
3.896296192000000000e+09
3.917664000000000000e+09
3.940455936000000000e+09
3.965527040000000000e+09
3.993019904000000000e+09
4.029202176000000000e+09
4.084330496000000000e+09
4.137179392000000000e+09
4.171367424000000000e+09
4.199572736000000000e+09
4.216666880000000000e+09
4.236752128000000000e+09
4.250854912000000000e+09
4.267948800000000000e+09
4.283190784000000000e+09
4.299430400000000000e+09
4.321509888000000000e+09
4.339743744000000000e+09
4.354985984000000000e+09
4.374786048000000000e+09
4.395298816000000000e+09
4.414957568000000000e+09
4.438888960000000000e+09
4.467948544000000000e+09
4.482336256000000000e+09
4.500284928000000000e+09
4.515384320000000000e+09
4.529202176000000000e+09
4.551424512000000000e+09
4.563532800000000000e+09
4.587464704000000000e+09
4.607834624000000000e+09
4.623076864000000000e+09
4.642735104000000000e+09
4.662535680000000000e+09
4.680342016000000000e+09
4.698575360000000000e+09
4.715669504000000000e+09
4.739743744000000000e+09
4.756410368000000000e+09
4.781196800000000000e+09
4.807264768000000000e+09
4.837749248000000000e+09
4.867806208000000000e+09
4.886752256000000000e+09
4.906267648000000000e+09
4.919800832000000000e+09
4.932336128000000000e+09
4.951424512000000000e+09
4.972934656000000000e+09
4.987749376000000000e+09
4.995299328000000000e+09
5.007407616000000000e+09
5.020085760000000000e+09
5.031196672000000000e+09
5.039031296000000000e+09
5.046011392000000000e+09
5.054843392000000000e+09
5.065669632000000000e+09
5.074643968000000000e+09
5.080911360000000000e+09
5.088034304000000000e+09
5.092877312000000000e+09
5.097863168000000000e+09
5.105697792000000000e+09
5.111681024000000000e+09
5.120370688000000000e+09
5.126210560000000000e+09
5.139031552000000000e+09
5.146581504000000000e+09
5.161396224000000000e+09
5.172364800000000000e+09
5.186324992000000000e+09
5.206552576000000000e+09
5.221937152000000000e+09
5.234615296000000000e+09
5.246296064000000000e+09
5.255128064000000000e+09
5.263960064000000000e+09
5.270227968000000000e+09
5.276210688000000000e+09
5.285897216000000000e+09
5.294871552000000000e+09
5.302421504000000000e+09
5.308974080000000000e+09
5.317093888000000000e+09
5.323077120000000000e+09
5.328774656000000000e+09
5.333048320000000000e+09
5.337321984000000000e+09
5.339458560000000000e+09
5.342022656000000000e+09
5.344302080000000000e+09
5.350284800000000000e+09
5.358119936000000000e+09
5.363390464000000000e+09
5.370797568000000000e+09
5.378347520000000000e+09
5.385469952000000000e+09
5.395299328000000000e+09
5.403419136000000000e+09
5.409971200000000000e+09
5.415099904000000000e+09
5.424358912000000000e+09
5.431196672000000000e+09
5.439886336000000000e+09
5.451282432000000000e+09
5.461395968000000000e+09
5.474501120000000000e+09
5.483048448000000000e+09
5.487749632000000000e+09
5.496438784000000000e+09
5.502706688000000000e+09
5.511395840000000000e+09
5.520227840000000000e+09
5.529344512000000000e+09
5.536039936000000000e+09
5.546153984000000000e+09
5.555698176000000000e+09
5.563960320000000000e+09
5.568518656000000000e+09
5.574786048000000000e+09
5.579629568000000000e+09
5.587037184000000000e+09
5.592877568000000000e+09
5.599857152000000000e+09
5.608262144000000000e+09
5.617806336000000000e+09
5.622364672000000000e+09
5.636894720000000000e+09
5.646581248000000000e+09
5.657407488000000000e+09
5.665527296000000000e+09
5.670655488000000000e+09
5.677777920000000000e+09
5.684187648000000000e+09
5.687749120000000000e+09
5.697293312000000000e+09
5.701566976000000000e+09
5.706267648000000000e+09
5.713247744000000000e+09
5.720513024000000000e+09
5.726923264000000000e+09
5.730057216000000000e+09
5.738746368000000000e+09
5.745014272000000000e+09
5.751139328000000000e+09
5.759971328000000000e+09
5.772222464000000000e+09
5.779202048000000000e+09
5.788746240000000000e+09
5.811110912000000000e+09
5.823362048000000000e+09
5.834330624000000000e+09
5.844587008000000000e+09
5.855697920000000000e+09
5.866809344000000000e+09
5.880484352000000000e+09
5.896438784000000000e+09
5.906979840000000000e+09
5.914245120000000000e+09
5.926638080000000000e+09
5.936039936000000000e+09
5.951424512000000000e+09
5.963675136000000000e+09
5.975498752000000000e+09
5.988176384000000000e+09
6.003418624000000000e+09
6.019942912000000000e+09
6.031624192000000000e+09
6.047293440000000000e+09
6.058831872000000000e+09
6.069800448000000000e+09
6.091025408000000000e+09
6.103846400000000000e+09
6.119515648000000000e+09
6.133191168000000000e+09
6.148575232000000000e+09
6.163532800000000000e+09
6.181054464000000000e+09
6.191880192000000000e+09
6.207122432000000000e+09
6.228347392000000000e+09
6.244159488000000000e+09
6.266809344000000000e+09
6.289459200000000000e+09
6.312820736000000000e+09
6.333333504000000000e+09
6.359686656000000000e+09
6.385897472000000000e+09
6.423504384000000000e+09
6.459828736000000000e+09
6.501994496000000000e+09
6.561680896000000000e+09
6.653704192000000000e+09
6.773789184000000000e+09
6.846723584000000000e+09
6.914672128000000000e+09
6.953846272000000000e+09
6.995726336000000000e+09
7.022934528000000000e+09
7.056267776000000000e+09
7.083047936000000000e+09
7.107834880000000000e+09
7.131766272000000000e+09
7.146439168000000000e+09
7.173646336000000000e+09
7.187464704000000000e+09
7.212108800000000000e+09
7.226210304000000000e+09
7.246296576000000000e+09
7.260113920000000000e+09
7.275783168000000000e+09
7.287464448000000000e+09
7.304130560000000000e+09
7.321367552000000000e+09
7.334045696000000000e+09
7.350996992000000000e+09
7.361680896000000000e+09
7.377208320000000000e+09
7.387749376000000000e+09
7.400855040000000000e+09
7.412962816000000000e+09
7.422507008000000000e+09
7.439885824000000000e+09
7.447293952000000000e+09
7.456410624000000000e+09
7.472791552000000000e+09
7.479486976000000000e+09
7.494159360000000000e+09
7.501994496000000000e+09
7.508547072000000000e+09
7.516809216000000000e+09
7.528347136000000000e+09
7.541737984000000000e+09
7.548290560000000000e+09
7.560541184000000000e+09
7.563959808000000000e+09
7.579060224000000000e+09
7.588319232000000000e+09
7.600997376000000000e+09
7.610541568000000000e+09
7.617379328000000000e+09
7.627207680000000000e+09
7.642022912000000000e+09
7.644444160000000000e+09
7.653276160000000000e+09
7.664672256000000000e+09
7.669942784000000000e+09
7.676353024000000000e+09
7.686609408000000000e+09
7.694586880000000000e+09
7.701282304000000000e+09
7.708120064000000000e+09
7.715669504000000000e+09
7.720085504000000000e+09
7.723219456000000000e+09
7.732193280000000000e+09
7.735470080000000000e+09
7.748432896000000000e+09
7.749857280000000000e+09
7.759828992000000000e+09
7.768376320000000000e+09
7.774928384000000000e+09
7.778347520000000000e+09
7.792592384000000000e+09
7.801851392000000000e+09
7.815384576000000000e+09
7.822222336000000000e+09
7.834045440000000000e+09
7.843447808000000000e+09
7.843874816000000000e+09
7.853703680000000000e+09
7.858262016000000000e+09
7.868661248000000000e+09
7.871651840000000000e+09
7.881623552000000000e+09
7.887036928000000000e+09
7.897150464000000000e+09
7.904558592000000000e+09
7.907692544000000000e+09
7.916666368000000000e+09
7.916097024000000000e+09
7.929344512000000000e+09
7.930768896000000000e+09
7.939173888000000000e+09
7.944586752000000000e+09
7.949999616000000000e+09
7.955840512000000000e+09
7.962535936000000000e+09
7.968091136000000000e+09
7.972080128000000000e+09
7.975925760000000000e+09
7.981339136000000000e+09
7.991737856000000000e+09
7.996866048000000000e+09
8.002564096000000000e+09
8.003419136000000000e+09
8.008119808000000000e+09
8.008831488000000000e+09
8.008119808000000000e+09
8.005697536000000000e+09
8.013960192000000000e+09
8.010398720000000000e+09
8.010541056000000000e+09
8.009971712000000000e+09
8.007692288000000000e+09
8.016808960000000000e+09
8.018091520000000000e+09
8.019088384000000000e+09
8.027065344000000000e+09
8.016239616000000000e+09
8.023646720000000000e+09
8.025926144000000000e+09
8.032621568000000000e+09
8.031339008000000000e+09
8.038461440000000000e+09
8.044729344000000000e+09
8.049003008000000000e+09
8.056552448000000000e+09
8.061823488000000000e+09
8.068233728000000000e+09
8.068803584000000000e+09
8.070370304000000000e+09
8.069230592000000000e+09
8.078490112000000000e+09
8.076638208000000000e+09
8.072221696000000000e+09
8.080769024000000000e+09
8.086609408000000000e+09
8.088176128000000000e+09
8.089601536000000000e+09
8.089316352000000000e+09
8.095868928000000000e+09
8.097293312000000000e+09
8.096011776000000000e+09
8.099288064000000000e+09
8.098147840000000000e+09
8.104415744000000000e+09
8.105982464000000000e+09
8.105698304000000000e+09
8.107692032000000000e+09
8.107977216000000000e+09
8.108832256000000000e+09
8.112677888000000000e+09
8.116097024000000000e+09
8.113818112000000000e+09
8.114957312000000000e+09
8.120940032000000000e+09
8.122222080000000000e+09
8.124786688000000000e+09
8.125641216000000000e+09
8.120940032000000000e+09
8.123218944000000000e+09
8.131481088000000000e+09
8.131908608000000000e+09
8.124501504000000000e+09
8.133903360000000000e+09
8.137464832000000000e+09
8.139600896000000000e+09
8.137321472000000000e+09
8.141310464000000000e+09
8.146153984000000000e+09
8.145726464000000000e+09
8.148433408000000000e+09
8.151566336000000000e+09
8.150712320000000000e+09
8.150000128000000000e+09
8.150000128000000000e+09
8.151709696000000000e+09
8.150854656000000000e+09
8.149287936000000000e+09
8.152564224000000000e+09
8.150712320000000000e+09
8.151282176000000000e+09
