1.780469999999999969e-02
1.990510900000000138e-01
2.781675699999999751e-01
2.887680400000000036e-01
2.994995500000000033e-01
3.103605899999999918e-01
3.213494900000000154e-01
3.324648700000000234e-01
3.437051700000000043e-01
3.550690799999999814e-01
3.665551300000000068e-01
3.781621199999999905e-01
3.898886599999999980e-01
4.017336000000000240e-01
4.136956399999999756e-01
4.257737100000000274e-01
4.379666099999999784e-01
4.502731700000000004e-01
4.626924299999999879e-01
4.752232000000000123e-01
4.878645899999999869e-01
5.001033700000000470e-01
5.124422400000000488e-01
5.248803499999999955e-01
5.374168799999999857e-01
5.500510800000000255e-01
5.627820300000000442e-01
5.762222299999999464e-01
5.897669500000000120e-01
6.034154099999999854e-01
6.171664999999999512e-01
6.310198099999999588e-01
6.449742600000000214e-01
6.590291200000000238e-01
6.745157699999999590e-01
6.901205700000000443e-01
7.058424699999999996e-01
7.216807800000000217e-01
7.376344500000000526e-01
7.537026100000000506e-01
7.698840900000000209e-01
7.861784200000000444e-01
8.015157499999999713e-01
8.169501200000000019e-01
8.324808200000000102e-01
8.481071900000000108e-01
8.638285500000000283e-01
8.796442599999999556e-01
8.955536699999999684e-01
9.115561199999999697e-01
9.276510100000000536e-01
9.438377100000000519e-01
9.601155999999999580e-01
9.761191999999999647e-01
9.922091499999999842e-01
1.008384460000000038e+00
1.024644579999999916e+00
1.040989429999999993e+00
1.057418009999999908e+00
1.073929970000000012e+00
1.090524779999999971e+00
1.107201770000000085e+00
1.123960740000000014e+00
1.140801210000000010e+00
1.157722190000000095e+00
1.174723839999999964e+00
1.191805020000000104e+00
1.208965899999999927e+00
1.226205509999999999e+00
1.243523560000000083e+00
1.260919399999999913e+00
1.278392889999999893e+00
1.295943590000000034e+00
1.313570539999999953e+00
1.331273949999999928e+00
1.349052879999999899e+00
1.366907040000000073e+00
1.384835830000000101e+00
1.402839320000000001e+00
1.420916569999999934e+00
1.439067319999999928e+00
1.457291129999999990e+00
1.475587589999999949e+00
1.493956279999999914e+00
1.512396770000000057e+00
1.530908649999999982e+00
1.549491509999999961e+00
1.568144940000000043e+00
1.586868539999999994e+00
1.605367599999999895e+00
1.623934229999999923e+00
1.642567340000000042e+00
1.661266890000000052e+00
1.680032699999999934e+00
1.698864209999999986e+00
1.717760860000000056e+00
1.736722639999999984e+00
1.755749020000000105e+00
1.774839430000000107e+00
1.793993689999999974e+00
1.813211810000000090e+00
1.832492500000000080e+00
1.851836330000000030e+00
1.871242569999999938e+00
1.890710679999999977e+00
1.910240670000000085e+00
1.929831999999999992e+00
1.949484130000000093e+00
1.969196900000000028e+00
1.988970340000000059e+00
2.008803529999999782e+00
2.028695739999999859e+00
2.048647959999999824e+00
2.068659090000000145e+00
2.088728199999999813e+00
2.108855909999999945e+00
2.129041690000000209e+00
2.149284440000000185e+00
2.169584759999999779e+00
2.189941950000000137e+00
2.210355460000000161e+00
2.231350829999999785e+00
2.252404949999999850e+00
2.273517449999999940e+00
2.294687979999999961e+00
2.315916570000000174e+00
2.337202079999999960e+00
2.358544540000000023e+00
2.379943599999999826e+00
2.401398910000000164e+00
2.422910110000000117e+00
2.444476850000000034e+00
2.466099180000000057e+00
2.487775950000000069e+00
2.509507199999999827e+00
2.531292590000000065e+00
2.553131780000000184e+00
2.575024400000000213e+00
2.596970119999999937e+00
2.618968590000000152e+00
2.641019879999999986e+00
2.663122809999999951e+00
2.685277049999999832e+00
2.707483480000000053e+00
2.729740529999999943e+00
2.752048269999999963e+00
2.774406350000000021e+00
2.796814429999999962e+00
2.819272600000000129e+00
2.841779670000000202e+00
2.864335730000000080e+00
2.886940440000000052e+00
2.909593450000000026e+00
2.932294440000000169e+00
2.955043480000000056e+00
2.977839400000000136e+00
3.000682279999999924e+00
3.023571780000000153e+00
3.046507580000000104e+00
3.069489340000000066e+00
3.092516719999999886e+00
3.115589389999999792e+00
3.138707010000000075e+00
3.161869700000000005e+00
3.185076239999999892e+00
3.208326749999999894e+00
3.231620889999999857e+00
3.254958330000000011e+00
3.278338750000000079e+00
3.301761799999999969e+00
3.325227599999999839e+00
3.348734949999999877e+00
3.372283959999999858e+00
3.395649049999999836e+00
3.419055240000000051e+00
3.442500900000000197e+00
3.465986159999999927e+00
3.489510689999999915e+00
3.513073739999999834e+00
3.536675869999999833e+00
3.560316330000000029e+00
3.583995260000000016e+00
3.607710990000000173e+00
3.631464999999999943e+00
3.655255630000000089e+00
3.679083030000000143e+00
3.702946869999999890e+00
3.726846839999999883e+00
3.750782640000000168e+00
3.774753500000000095e+00
3.798760460000000005e+00
3.822801860000000218e+00
3.846877389999999952e+00
3.870988089999999993e+00
3.895132760000000083e+00
3.919310170000000149e+00
3.943521389999999904e+00
3.967765640000000094e+00
3.992042619999999875e+00
4.016351570000000315e+00
4.040693090000000431e+00
4.065066419999999958e+00
4.089471719999999699e+00
4.113907769999999964e+00
4.138374709999999901e+00
4.162871789999999628e+00
4.187399619999999878e+00
4.211957439999999941e+00
4.236545409999999734e+00
4.261162309999999565e+00
4.285808280000000359e+00
4.310483050000000205e+00
4.335186290000000220e+00
4.359917730000000269e+00
4.384677049999999632e+00
4.409463950000000132e+00
4.434278149999999918e+00
4.459119339999999987e+00
4.483987230000000324e+00
4.508881520000000087e+00
4.533801450000000344e+00
4.558748119999999737e+00
4.583719839999999657e+00
4.608716789999999897e+00
4.633738669999999615e+00
4.658785179999999748e+00
4.683856510000000029e+00
4.708950960000000130e+00
4.734069640000000412e+00
4.759211800000000103e+00
4.784377619999999887e+00
4.809565390000000384e+00
4.834776240000000058e+00
4.860009419999999913e+00
4.885264629999999997e+00
4.910541590000000234e+00
4.935839549999999853e+00
4.961159639999999982e+00
4.986500150000000353e+00
5.011861279999999752e+00
5.037242260000000194e+00
5.062644249999999957e+00
5.088065529999999725e+00
5.113505830000000252e+00
5.138965820000000129e+00
5.164445220000000170e+00
5.189942799999999856e+00
5.215458270000000063e+00
5.240992809999999835e+00
5.266544699999999857e+00
5.292114139999999800e+00
5.317701340000000165e+00
5.343304589999999799e+00
5.368925049999999644e+00
5.394562460000000392e+00
5.420215569999999872e+00
5.445884129999999601e+00
5.471568819999999889e+00
5.497268899999999903e+00
5.522984590000000082e+00
5.548714150000000345e+00
5.574459280000000128e+00
5.600218240000000236e+00
5.625990769999999586e+00
5.651777590000000018e+00
5.677577939999999934e+00
5.703391560000000027e+00
5.729218679999999786e+00
5.755057579999999895e+00
5.780908980000000419e+00
5.806773589999999707e+00
5.832649209999999584e+00
5.858537519999999610e+00
5.884436820000000345e+00
5.910346849999999819e+00
5.936268329999999871e+00
5.962201499999999932e+00
5.988143660000000423e+00
6.014178900000000105e+00
6.040224150000000236e+00
6.066279190000000376e+00
6.092344719999999825e+00
6.118419529999999718e+00
6.144502400000000364e+00
6.170594050000000053e+00
6.196694240000000242e+00
6.222803690000000110e+00
6.248920230000000409e+00
6.275044560000000438e+00
6.301177449999999958e+00
6.327316680000000026e+00
6.353463979999999900e+00
6.379616170000000253e+00
6.405776930000000036e+00
6.431943089999999863e+00
6.458116360000000000e+00
6.484294570000000313e+00
6.510478449999999917e+00
6.536668749999999584e+00
6.562863280000000188e+00
6.589062789999999836e+00
6.615268040000000127e+00
6.641476820000000281e+00
6.667689909999999998e+00
6.693908060000000049e+00
6.720129069999999594e+00
6.746353700000000231e+00
6.772582719999999945e+00
6.798813939999999612e+00
6.825048129999999880e+00
6.851285060000000371e+00
6.877525490000000019e+00
6.903767260000000405e+00
6.930011109999999697e+00
6.956256849999999936e+00
6.982505230000000118e+00
7.008755070000000309e+00
7.035004190000000435e+00
7.061256300000000152e+00
7.087508259999999893e+00
7.113761809999999741e+00
7.140014790000000389e+00
7.166267979999999760e+00
7.192522150000000281e+00
7.218774149999999779e+00
7.245027709999999566e+00
7.271280670000000335e+00
7.297531840000000436e+00
7.323781999999999570e+00
7.350030959999999780e+00
7.376279509999999817e+00
7.402525480000000435e+00
7.428769670000000325e+00
7.455011869999999874e+00
7.481252890000000377e+00
7.507490559999999924e+00
7.533726660000000130e+00
7.559959039999999852e+00
7.586188489999999618e+00
7.612414829999999633e+00
7.638638860000000363e+00
7.664857439999999578e+00
7.691074320000000242e+00
7.717287350000000323e+00
7.743495379999999706e+00
7.769699199999999806e+00
7.795898639999999880e+00
7.822093520000000133e+00
7.848284650000000084e+00
7.874470859999999739e+00
7.900650040000000374e+00
7.926825919999999748e+00
7.952996370000000148e+00
7.979160239999999682e+00
8.005318360000000411e+00
8.031471520000000197e+00
8.057616619999999230e+00
8.083758389999999849e+00
8.109891779999999883e+00
8.136018580000000000e+00
8.162138620000000344e+00
8.188251749999999163e+00
8.214358779999999527e+00
8.240457609999999988e+00
8.266549039999999238e+00
8.292632929999999902e+00
8.318710100000000551e+00
8.344778429999999858e+00
8.370839730000000145e+00
8.396891889999999137e+00
8.422935750000000610e+00
8.448971139999999380e+00
8.474997930000000679e+00
8.501016939999999522e+00
8.527026069999999791e+00
8.553027119999999428e+00
8.579018019999999467e+00
8.605000549999999748e+00
8.630972630000000478e+00
8.656935100000000105e+00
8.682887819999999479e+00
8.708831610000000722e+00
8.734764399999999540e+00
8.760687020000000658e+00
8.786599340000000424e+00
8.812502190000000013e+00
8.838393500000000458e+00
8.864275080000000528e+00
8.890144859999999483e+00
8.916003670000000270e+00
8.941851399999999117e+00
8.967688869999999923e+00
8.993513059999999726e+00
9.019328690000000037e+00
9.045130779999999149e+00
9.070921159999999261e+00
9.096699689999999450e+00
9.122467229999999816e+00
9.148221720000000445e+00
9.173964010000000613e+00
9.199694940000000543e+00
9.225412470000000198e+00
9.251117439999999803e+00
9.276810709999999460e+00
9.302490239999999133e+00
9.328156870000000822e+00
9.353811450000000249e+00
9.379451949999999982e+00
9.405078270000000629e+00
9.430693160000000574e+00
9.456293649999999218e+00
9.481881550000000658e+00
9.507454830000000356e+00
9.533014339999999365e+00
9.558560939999999562e+00
9.584093570000000284e+00
9.609611170000000868e+00
9.635114599999999641e+00
9.660603749999999934e+00
9.686078520000000580e+00
9.711539780000000732e+00
9.736985519999999283e+00
9.762416580000000010e+00
9.787832890000000674e+00
9.813234339999999278e+00
9.838621789999999478e+00
9.863993250000000046e+00
9.889350520000000699e+00
9.914692569999999705e+00
9.940017409999999387e+00
9.965328740000000352e+00
9.990623629999999977e+00
1.001590294000000014e+01
1.004116752999999918e+01
1.006641637000000067e+01
1.009164748999999972e+01
1.011686362999999922e+01
1.014206566000000009e+01
1.016724877999999954e+01
1.019241760999999968e+01
1.021756927000000026e+01
1.024270553999999933e+01
1.026782352999999937e+01
1.029292691999999931e+01
1.031801281000000081e+01
1.034308208000000029e+01
1.036813558000000057e+01
1.039317136000000019e+01
1.041819122000000064e+01
1.044319229000000071e+01
1.046817917000000087e+01
1.049314616999999927e+01
1.051809697000000021e+01
1.054303149999999967e+01
1.056794782000000055e+01
1.059284773000000079e+01
1.061772837000000003e+01
1.064259245999999948e+01
1.066743995000000034e+01
1.069226981999999992e+01
1.071708111000000052e+01
1.074187466000000057e+01
1.076665133999999924e+01
1.079140924999999918e+01
1.081614923999999966e+01
1.084087217999999986e+01
1.086557617000000064e+01
1.089026205999999952e+01
1.091492979999999946e+01
1.093958025999999961e+01
1.096421154000000087e+01
1.098882449999999977e+01
1.101342001000000081e+01
1.103799708999999929e+01
1.106255477999999925e+01
1.108709394000000081e+01
1.111161451000000078e+01
1.113611736999999913e+01
1.116060062000000030e+01
1.118506514000000074e+01
1.120951089000000067e+01
1.123393961999999924e+01
1.125834582999999967e+01
1.128273676000000059e+01
1.130710690000000085e+01
1.133145801999999946e+01
1.135579098999999914e+01
1.138010303000000079e+01
1.140439774999999933e+01
1.142867327000000088e+01
1.145292773999999980e+01
1.147716566000000071e+01
1.150138152999999974e+01
1.152557986999999962e+01
1.154975789999999947e+01
1.157391649000000022e+01
1.159805650999999926e+01
1.162217522000000081e+01
1.164627527000000029e+01
1.167035665000000044e+01
1.169441658999999945e+01
1.171846047999999918e+01
1.174248107999999924e+01
1.176648284999999916e+01
1.179046574999999919e+01
1.181442795999999973e+01
1.183837034999999993e+01
1.186229288000000004e+01
1.188619641000000016e+01
1.191007912000000069e+01
1.193394366999999967e+01
1.195778555999999959e+01
1.198160833000000025e+01
1.200541194999999917e+01
1.202919462000000017e+01
1.205295629999999996e+01
1.207669963000000024e+01
1.210042282000000036e+01
1.212412583000000055e+01
1.214780775000000013e+01
1.217146945000000002e+01
1.219511177999999951e+01
1.221873294999999970e+01
1.224233294999999977e+01
1.226591439000000072e+01
1.228947460000000014e+01
1.231301533000000070e+01
1.233653480000000080e+01
1.236003385000000065e+01
1.238351336000000025e+01
1.240697154000000069e+01
1.243040925999999935e+01
1.245382648000000003e+01
1.247722321000000001e+01
1.250060028000000045e+01
1.252395680999999961e+01
1.254729191000000021e+01
1.257060556999999967e+01
1.259390037000000007e+01
1.261717456999999953e+01
1.264042726999999999e+01
1.266366020999999975e+01
1.268687075999999969e+01
1.271006324000000021e+01
1.273323330000000020e+01
1.275638267999999975e+01
1.277951048000000078e+01
1.280261843000000077e+01
1.282570650999999984e+01
1.284877297999999968e+01
1.287181870000000039e+01
1.289484451999999948e+01
1.291785042000000061e+01
1.294083381000000088e+01
1.296379467999999946e+01
1.298673819000000051e+01
1.300965917000000083e+01
1.303255932999999978e+01
1.305543864999999926e+01
1.307829798999999937e+01
1.310113649000000002e+01
1.312395328000000028e+01
1.314674920999999941e+01
1.316952342000000087e+01
1.319227930999999998e+01
1.321501177000000027e+01
1.323772420000000061e+01
1.326041743999999944e+01
1.328308724999999946e+01
1.330573784999999987e+01
1.332836585000000085e+01
1.335097548999999972e+01
1.337356169000000072e+01
1.339612866000000047e+01
1.341867472000000028e+01
1.344119902999999994e+01
1.346370240999999979e+01
1.348618571999999993e+01
1.350864726000000005e+01
1.353108871999999963e+01
1.355350759000000060e+01
1.357590719999999962e+01
1.359828506000000026e+01
1.362064282999999953e+01
1.364297967999999983e+01
1.366529393000000070e+01
1.368758893999999948e+01
1.370986219000000084e+01
1.373211535999999988e+01
1.375434594999999938e+01
1.377655728999999951e+01
1.377877759999999974e+01
1.378099605000000061e+01
1.378321595000000066e+01
1.378543563000000027e+01
1.378765510999999933e+01
1.378987438000000054e+01
1.379209260999999920e+01
1.379430980999999967e+01
1.379652845000000028e+01
1.379874687999999949e+01
