1.231982812499999962e-05
1.776328125000000105e-06
1.682429687499999979e-05
-1.760171875000000043e-06
-1.523203125000000094e-06
3.286015625000000210e-07
6.424562500000000206e-06
-6.929843750000000434e-07
-7.930546874999999813e-07
-3.794218750000000175e-07
-2.715390624999999955e-07
-3.012578124999999916e-07
1.445476562500000021e-06
-4.591249999999999770e-07
6.159421874999999682e-06
7.246679687500000279e-06
2.884418749999999987e-05
-3.690531250000000140e-06
-7.952500000000000305e-07
-4.253437500000000198e-07
2.797187500000000059e-06
2.106624999999999926e-06
1.588968750000000091e-06
3.075296874999999797e-06
3.556484374999999923e-06
7.974000000000000226e-06
6.547000000000000166e-06
-1.165468750000000038e-06
7.203749999999999638e-07
-3.929843750000000041e-07
9.259218750000000473e-07
1.022464062500000063e-05
1.307859374999999916e-06
9.037437500000000155e-06
1.476784375000000082e-05
2.162392187499999875e-05
1.835392187500000126e-05
1.904156250000000028e-06
5.281249999999999728e-09
2.700531249999999878e-06
-6.184375000000000081e-08
1.096121875000000065e-05
5.516868750000000169e-05
9.990121874999999783e-05
2.704824999999999976e-05
1.200046874999999921e-05
1.460409374999999921e-05
-2.236374999999999827e-06
-1.481968750000000099e-06
-1.825000000000000103e-06
-1.603874999999999954e-06
-1.597437500000000026e-06
-1.215843749999999958e-06
-1.114312500000000099e-06
-1.012156249999999928e-06
4.961625000000000120e-06
2.679543750000000022e-05
1.537093750000000143e-05
7.683906249999999493e-05
1.016513749999999988e-04
1.221913125000000078e-04
5.203831249999999695e-05
-3.860625000000000201e-07
9.650625000000000034e-07
4.211249999999999808e-07
7.854375000000000079e-07
-1.196562500000000032e-06
-2.494375000000000152e-06
-2.288749999999999898e-06
8.145874999999999321e-06
2.131481249999999880e-05
1.247593749999999951e-05
6.108374999999999771e-06
2.778868749999999956e-05
2.231531250000000049e-05
1.195233750000000066e-04
2.215726250000000087e-04
1.415661249999999947e-04
9.065274999999999700e-05
3.967124999999999731e-06
-1.379000000000000053e-06
5.271374999999999992e-06
-3.277624999999999811e-06
2.309999999999999906e-07
-2.527000000000000115e-06
-4.101999999999999859e-06
-3.442500000000000075e-06
-2.703500000000000035e-06
-3.030500000000000038e-06
6.946500000000000323e-06
5.633999999999999760e-06
7.531249999999999891e-07
-2.103124999999999875e-06
-2.172750000000000077e-06
-1.203749999999999910e-06
-2.224500000000000047e-06
1.544925000000000120e-05
2.601000000000000169e-06
1.028250000000000065e-06
-5.959999999999999900e-07
-2.014000000000000114e-06
-1.709750000000000020e-06
8.203249999999999767e-06
2.184187499999999999e-05
5.390912499999999692e-05
1.561974999999999898e-05
2.503449999999999892e-05
6.518750000000000056e-06
2.020249999999999843e-06
3.794250000000000137e-06
3.150625000000000010e-06
4.534125000000000401e-06
3.873800000000000079e-05
1.263686249999999899e-04
3.390041249999999973e-04
6.666649999999999605e-05
1.045049999999999930e-05
-1.427500000000000044e-07
-4.310999999999999891e-06
-4.768749999999999870e-06
-5.127499999999999612e-06
-5.234750000000000152e-06
-4.247500000000000414e-06
-4.080249999999999601e-06
-3.830500000000000002e-06
-3.362999999999999819e-06
-3.132500000000000078e-06
-3.001000000000000151e-06
-2.793500000000000020e-06
-2.689499999999999830e-06
-2.409999999999999796e-06
-2.642999999999999937e-06
-2.370249999999999880e-06
-2.429500000000000202e-06
-1.978500000000000200e-06
-1.835249999999999920e-06
-1.833249999999999981e-06
-1.820750000000000101e-06
-1.683749999999999973e-06
-1.744749999999999897e-06
-1.579749999999999994e-06
-1.660249999999999901e-06
-1.491500000000000035e-06
-1.508500000000000041e-06
-1.436499999999999926e-06
-1.450000000000000093e-06
3.510000000000000064e-07
-1.767250000000000105e-06
2.150000000000000062e-07
-1.566750000000000077e-06
-1.237749999999999923e-06
-1.251749999999999916e-06
-7.829999999999999572e-07
-1.360250000000000021e-06
3.460749999999999857e-06
5.008999999999999815e-06
-1.714000000000000022e-06
-1.477749999999999955e-06
-1.272249999999999974e-06
-1.165499999999999895e-06
-1.224249999999999968e-06
-1.078250000000000010e-06
-5.740000000000000312e-07
-1.089000000000000077e-06
-1.143250000000000023e-06
-1.107749999999999897e-06
-7.490000000000000498e-07
-7.574999999999999472e-07
-7.447500000000000481e-07
-2.102499999999999934e-07
7.148000000000000003e-06
-2.245000000000000052e-07
-2.847500000000000054e-07
-1.095750000000000054e-06
-1.091000000000000015e-06
-1.016000000000000098e-06
2.363000000000000076e-06
8.874000000000000079e-06
3.818499999999999947e-06
-1.557000000000000085e-06
-1.136500000000000045e-06
9.500000000000000100e-07
2.192500000000000184e-06
1.887000000000000102e-06
-1.267250000000000022e-06
-9.017499999999999849e-07
2.700599999999999859e-05
5.912000000000000317e-06
-1.253250000000000029e-06
-1.146750000000000074e-06
-1.073499999999999971e-06
-1.170500000000000059e-06
-1.227999999999999932e-06
-1.128000000000000042e-06
-1.053750000000000075e-06
-9.574999999999999381e-07
-9.534999999999999553e-07
-9.367499999999999674e-07
-7.732499999999999658e-07
-8.537499999999999786e-07
-8.829999999999999526e-07
-8.457500000000000128e-07
-7.087499999999999904e-07
-7.715000000000000461e-07
-7.169999999999999750e-07
-6.827500000000000488e-07
-7.417500000000000345e-07
-7.552499999999999899e-07
-7.022500000000000315e-07
-6.589999999999999585e-07
-6.494999999999999860e-07
-7.035000000000000195e-07
-6.940000000000000469e-07
-6.242499999999999948e-07
3.978749999999999811e-06
-2.320000000000000128e-07
1.357500000000000079e-07
-2.472499999999999938e-07
-7.022500000000000315e-07
2.086250000000000142e-06
6.290500000000000166e-06
-1.375500000000000002e-06
-1.150000000000000041e-08
-7.394999999999999713e-07
1.321375000000000033e-05
5.604000000000000047e-06
9.157499999999999779e-07
-9.900000000000000505e-07
-7.297499999999999799e-07
-7.182499999999999630e-07
-7.757500000000000477e-07
-6.512500000000000116e-07
-6.369999999999999998e-07
7.617000000000000086e-06
6.450000000000000185e-08
-9.939999999999999275e-07
-6.029999999999999865e-07
-6.309999999999999725e-07
-5.740000000000000312e-07
5.547499999999999614e-07
8.779250000000000690e-06
3.289999999999999841e-06
3.724999999999999805e-07
-6.667500000000000114e-07
-6.417500000000000390e-07
1.284999999999999926e-07
3.158000000000000088e-06
2.965850000000000073e-05
-2.841499999999999815e-06
-7.530000000000000326e-07
-7.167499999999999562e-07
-1.038999999999999920e-06
-9.707499999999999807e-07
-7.109999999999999477e-07
-6.530000000000000372e-07
-6.192500000000000427e-07
-5.842499999999999542e-07
-6.479999999999999791e-07
-6.260000000000000204e-07
-6.290000000000000340e-07
-5.430000000000000315e-07
-5.630000000000000518e-07
-5.205000000000000352e-07
-5.024999999999999534e-07
-5.865000000000000174e-07
-5.152499999999999584e-07
-5.352499999999999787e-07
2.322500000000000051e-07
2.146249999999999992e-06
3.065500000000000127e-06
-8.202500000000000029e-07
-5.627500000000000330e-07
-4.614999999999999966e-07
-5.114999999999999943e-07
2.425000000000000076e-07
3.731250000000000063e-06
6.146999999999999761e-06
1.835749999999999957e-06
3.545000000000000046e-07
3.518749999999999980e-06
3.520249999999999881e-06
-1.115999999999999988e-06
-6.545000000000000440e-07
1.339749999999999963e-06
1.760275000000000015e-05
2.422949999999999900e-05
-2.578000000000000135e-06
-7.907500000000000100e-07
-7.585000000000000223e-07
-8.360000000000000215e-07
-7.602500000000000479e-07
-7.230000000000000022e-07
-6.904999999999999958e-07
-6.530000000000000372e-07
-5.940000000000000515e-07
-6.014999999999999797e-07
-5.424999999999999940e-07
-4.929999999999999809e-07
-5.154999999999999772e-07
-5.349999999999999599e-07
-4.817499999999999827e-07
-2.812500000000000071e-07
2.105750000000000125e-06
9.502749999999999777e-06
1.403499999999999988e-06
-8.135000000000000251e-07
-5.507499999999999785e-07
-5.519999999999999666e-07
-5.402500000000000367e-07
-5.082499999999999619e-07
-4.950000000000000252e-07
-4.640000000000000256e-07
9.777500000000000831e-07
-3.390000000000000048e-07
8.067500000000000474e-07
1.633725000000000016e-05
-5.324999999999999706e-08
-7.254999999999999783e-07
-6.702499999999999567e-07
-6.029999999999999865e-07
-5.139999999999999704e-07
-5.394999999999999804e-07
-4.950000000000000252e-07
-4.412500000000000105e-07
-4.832499999999999895e-07
-4.619999999999999812e-07
-4.829999999999999707e-07
2.614274999999999970e-05
-1.087250000000000051e-06
-6.950000000000000162e-07
-6.262500000000000392e-07
-6.470000000000000099e-07
-7.785000000000000426e-07
-6.984999999999999615e-07
-5.460000000000000452e-07
-4.952500000000000440e-07
-5.377499999999999548e-07
-4.569999999999999761e-07
-4.825000000000000390e-07
-4.795000000000000254e-07
-4.235000000000000004e-07
-4.452499999999999934e-07
-4.750000000000000050e-07
-4.564999999999999915e-07
-4.147499999999999783e-07
-4.337499999999999764e-07
-3.759999999999999788e-07
-4.127499999999999869e-07
-4.082500000000000194e-07
-3.797499999999999958e-07
3.530750000000000034e-06
1.020250000000000100e-06
-4.977500000000000201e-07
5.682249999999999679e-06
4.309999999999999816e-07
-2.622500000000000090e-07
-3.545000000000000046e-07
3.804500000000000166e-06
7.989500000000000331e-06
9.670249999999999444e-06
-1.436750000000000051e-06
-4.245000000000000226e-07
-5.519999999999999666e-07
-5.062500000000000234e-07
-5.337499999999999719e-07
-4.802499999999999759e-07
-4.835000000000000083e-07
-4.357500000000000208e-07
-4.180000000000000107e-07
-4.160000000000000193e-07
2.696000000000000107e-06
2.242250000000000004e-06
4.305249999999999988e-06
-1.907500000000000107e-07
-5.492499999999999717e-07
-4.067500000000000126e-07
1.789525000000000116e-05
1.525249999999999923e-06
3.702500000000000232e-07
-3.460000000000000013e-07
-5.430000000000000315e-07
-6.385000000000000066e-07
-5.379999999999999735e-07
-4.322500000000000225e-07
-5.107500000000000439e-07
-4.560000000000000069e-07
-4.339999999999999952e-07
-3.964999999999999836e-07
-4.250000000000000072e-07
-3.794999999999999770e-07
8.280000000000000345e-06
2.572000000000000108e-06
-5.522499999999999853e-07
-5.555000000000000177e-07
-4.034999999999999802e-07
-4.429999999999999831e-07
-4.537499999999999967e-07
-3.719999999999999959e-07
-4.254999999999999919e-07
-3.742500000000000061e-07
-3.702500000000000232e-07
-3.800000000000000146e-07
1.937400000000000119e-05
-1.199999999999999893e-07
-9.409999999999999691e-07
-5.120000000000000319e-07
-4.820000000000000015e-07
-5.075000000000000114e-07
-5.205000000000000352e-07
-4.590000000000000205e-07
-4.232499999999999816e-07
-3.704999999999999891e-07
-3.707500000000000078e-07
-4.107499999999999954e-07
-3.610000000000000165e-07
-3.979999999999999905e-07
-3.427500000000000218e-07
-3.785000000000000078e-07
-3.455000000000000167e-07
-3.350000000000000219e-07
-3.510000000000000064e-07
-3.077499999999999863e-07
-3.612499999999999823e-07
1.187749999999999978e-06
2.098750000000000023e-06
-2.750000000000000140e-08
6.874999999999999821e-07
1.602999999999999941e-06
4.835000000000000295e-06
1.653499999999999924e-06
1.721999999999999988e-06
-5.097499999999999687e-07
-3.817499999999999872e-07
-3.674999999999999754e-07
9.752999999999999625e-06
1.049975000000000056e-05
6.177500000000000358e-07
-2.817499999999999918e-07
-4.814999999999999639e-07
-4.789999999999999879e-07
-4.972499999999999825e-07
-5.117500000000000131e-07
-4.374999999999999934e-07
-4.247499999999999885e-07
2.753499999999999980e-06
-1.282500000000000003e-07
5.516499999999999614e-06
-6.922500000000000213e-07
2.689999999999999868e-07
1.075000000000000031e-08
-4.210000000000000244e-07
-3.835000000000000128e-07
6.908250000000000308e-06
2.399975000000000006e-05
-2.547499999999999750e-07
-9.532500000000000424e-07
-5.184999999999999908e-07
-5.772499999999999577e-07
-6.804999999999999856e-07
-7.169999999999999750e-07
-6.369999999999999998e-07
-5.370000000000000043e-07
-5.799999999999999526e-07
-5.455000000000000076e-07
-5.042499999999999790e-07
-3.952499999999999956e-07
-4.397500000000000037e-07
-4.067500000000000126e-07
-4.195000000000000175e-07
-4.027499999999999767e-07
-3.182499999999999811e-07
-3.715000000000000112e-07
-3.619999999999999857e-07
-3.684999999999999976e-07
-3.182499999999999811e-07
-3.890000000000000025e-07
-2.632499999999999783e-07
-3.632499999999999738e-07
-3.182499999999999811e-07
-3.364999999999999758e-07
-3.132499999999999760e-07
-3.377500000000000167e-07
-3.470000000000000235e-07
-2.822499999999999764e-07
1.787500000000000091e-07
-3.929999999999999854e-07
3.803500000000000091e-06
-7.464999999999999678e-07
4.335000000000000106e-07
-3.329999999999999775e-07
-3.560000000000000114e-07
1.340999999999999951e-06
2.291999999999999824e-06
2.717250000000000115e-06
-4.807500000000000134e-07
1.701499999999999930e-06
-4.249999999999999675e-08
-3.575000000000000182e-07
-4.322500000000000225e-07
5.203500000000000239e-06
1.119975000000000064e-05
4.706750000000000294e-06
-9.522499999999999672e-07
-4.907500000000000236e-07
-5.232500000000000301e-07
-4.895000000000000356e-07
-4.995000000000000457e-07
-5.027499999999999722e-07
-4.117500000000000176e-07
-3.084999999999999897e-07
-4.715000000000000067e-07
-2.872499999999999814e-07
-3.422499999999999842e-07
-3.537500000000000012e-07
-3.272500000000000220e-07
-3.169999999999999931e-07
-3.204999999999999913e-07
-3.374999999999999980e-07
-2.875000000000000002e-07
-3.002500000000000052e-07
-2.982500000000000138e-07
-2.717499999999999816e-07
-2.737500000000000260e-07
-2.899999999999999763e-07
-2.724999999999999850e-07
1.312250000000000014e-06
-1.900000000000000139e-08
-4.197499999999999834e-07
-2.610000000000000210e-07
-2.944999999999999967e-07
-2.557499999999999972e-07
-2.689999999999999868e-07
1.223749999999999930e-06
9.687499999999999998e-06
-1.264499999999999921e-06
-4.020000000000000263e-07
-3.200000000000000067e-07
-3.180000000000000153e-07
-3.457499999999999825e-07
-3.092499999999999932e-07
-3.112499999999999846e-07
-3.462500000000000201e-07
-3.119999999999999880e-07
-2.712499999999999970e-07
-2.892500000000000258e-07
-3.475000000000000081e-07
-3.174999999999999777e-07
-2.634999999999999971e-07
-2.789999999999999969e-07
-2.785000000000000123e-07
-2.879999999999999848e-07
-2.499999999999999887e-07
-2.905000000000000139e-07
-2.320000000000000128e-07
-2.080000000000000096e-07
-2.850000000000000043e-08
-1.574999999999999876e-08
-4.824999999999999861e-08
-1.799999999999999905e-08
-1.949999999999999925e-08
-2.375000000000000091e-08
-3.675000000000000151e-08
-2.550000000000000004e-08
-2.199999999999999848e-08
